144 -62
145 -65
146 -68
147 -72
148 -76
149 -79
149 -83
150 -87
150 -90
151 -95
152 -99
153 -103
153 -106
154 -110
154 -113
154 -116
154 -119
154 -122
155 -124
155 -125
155 -127
156 -128
156 -130
156 -131
156 -132
156 -134
156 -135
156 -136
156 -138
156 -139
156 -140
156 -141
156 -142
156 -143
156 -144
156 -145
156 -146
156 -147
156 -148
156 -149
156 -150
156 -151
155 -151
154 -151
153 -151
152 -151
150 -150
149 -150
147 -149
145 -147
143 -146
141 -145
139 -144
138 -143
137 -142
136 -142
134 -141
133 -140
