85 -65
86 -65
87 -65
89 -65
91 -65
93 -65
94 -66
95 -67
97 -67
98 -68
99 -69
99 -70
100 -72
101 -74
102 -76
103 -78
103 -80
103 -82
104 -82
104 -83
104 -84
104 -85
104 -86
104 -87
105 -88
105 -90
105 -91
105 -92
105 -93
105 -94
105 -96
105 -97
105 -99
105 -100
105 -101
105 -102
105 -103
105 -104
105 -105
105 -106
105 -107
105 -108
104 -108
103 -108
102 -108
101 -108
100 -108
99 -108
98 -108
97 -108
96 -108
95 -108
94 -108
92 -108
91 -108
90 -107
90 -106
89 -105
88 -105
88 -104
87 -103
86 -102
86 -101
86 -100
85 -100
84 -100
