29 -78
29 -79
29 -80
30 -81
30 -82
30 -85
30 -88
31 -91
31 -94
31 -97
32 -101
32 -104
33 -108
33 -111
34 -113
34 -114
34 -116
35 -117
35 -118
31 -78
32 -78
33 -78
35 -77
37 -76
40 -75
42 -74
45 -73
47 -72
49 -71
52 -70
54 -70
56 -70
57 -69
59 -69
60 -69
62 -68
63 -68
64 -67
65 -67
65 -69
65 -72
65 -76
65 -80
65 -84
65 -89
65 -93
65 -97
65 -101
65 -105
65 -109
65 -112
65 -115
65 -116
65 -117
37 -121
39 -121
40 -121
43 -121
46 -121
49 -120
52 -120
55 -119
57 -118
58 -116
74 -43
73 -43
74 -43
75 -42
76 -41
78 -40
80 -39
83 -38
85 -36
87 -35
88 -34
90 -33
91 -32
92 -32
93 -32
93 -31
93 -32
93 -33
93 -35
93 -37
93 -40
93 -43
93 -46
93 -49
93 -52
93 -56
92 -58
92 -60
92 -62
92 -63
92 -64
91 -64
85 -65
86 -65
87 -65
89 -65
91 -65
93 -65
94 -66
95 -67
97 -67
98 -68
99 -69
99 -70
100 -72
101 -74
102 -76
103 -78
103 -80
103 -82
104 -82
104 -83
104 -84
104 -85
104 -86
104 -87
105 -88
105 -90
105 -91
105 -92
105 -93
105 -94
105 -96
105 -97
105 -99
105 -100
105 -101
105 -102
105 -103
105 -104
105 -105
105 -106
105 -107
105 -108
104 -108
103 -108
102 -108
101 -108
100 -108
99 -108
98 -108
97 -108
96 -108
95 -108
94 -108
92 -108
91 -108
90 -107
90 -106
89 -105
88 -105
88 -104
87 -103
86 -102
86 -101
86 -100
85 -100
84 -100
81 -64
81 -65
81 -66
81 -69
81 -73
81 -78
81 -83
81 -89
81 -95
82 -100
82 -105
82 -110
83 -115
83 -120
84 -125
84 -130
84 -134
85 -138
85 -142
85 -146
86 -149
86 -153
87 -156
87 -159
87 -162
87 -163
87 -164
88 -165
88 -166
108 -62
109 -62
110 -62
111 -62
113 -62
115 -62
118 -62
121 -62
125 -61
128 -60
132 -58
136 -56
139 -55
142 -53
146 -52
148 -51
150 -51
153 -50
155 -50
157 -49
158 -49
159 -48
160 -48
161 -48
161 -47
112 -91
112 -93
112 -95
112 -97
112 -100
113 -102
113 -104
115 -107
117 -109
118 -111
119 -112
119 -113
120 -113
120 -112
115 -88
116 -87
117 -86
119 -86
120 -85
122 -84
123 -83
124 -82
125 -82
126 -81
127 -81
128 -80
129 -80
130 -80
131 -80
131 -81
131 -82
131 -84
131 -87
131 -91
131 -93
131 -96
131 -98
131 -99
131 -101
131 -102
130 -103
130 -104
119 -106
120 -106
122 -106
123 -106
125 -105
127 -105
128 -104
129 -104
130 -104
130 -103
144 -62
145 -65
146 -68
147 -72
148 -76
149 -79
149 -83
150 -87
150 -90
151 -95
152 -99
153 -103
153 -106
154 -110
154 -113
154 -116
154 -119
154 -122
155 -124
155 -125
155 -127
156 -128
156 -130
156 -131
156 -132
156 -134
156 -135
156 -136
156 -138
156 -139
156 -140
156 -141
156 -142
156 -143
156 -144
156 -145
156 -146
156 -147
156 -148
156 -149
156 -150
156 -151
155 -151
154 -151
153 -151
152 -151
150 -150
149 -150
147 -149
145 -147
143 -146
141 -145
139 -144
138 -143
137 -142
136 -142
134 -141
133 -140
