3 -8
3 -8
3 -8
3 -9
3 -9
3 -9
3 -9
3 -10
3 -10
3 -10
3 -11
3 -11
3 -12
3 -12
3 -12
3 -12
3 -12
3 -13
3 -13
3 -8
3 -8
3 -8
3 -8
4 -8
4 -8
4 -8
5 -8
5 -8
5 -7
5 -7
6 -7
6 -7
6 -7
6 -7
6 -7
6 -7
7 -7
7 -7
7 -7
7 -7
7 -8
7 -8
7 -8
7 -9
7 -9
7 -10
7 -10
7 -11
7 -11
7 -12
7 -12
7 -12
7 -12
7 -13
4 -13
4 -13
4 -13
4 -13
5 -13
5 -13
5 -13
6 -13
6 -13
6 -12
8 -4
8 -4
8 -4
8 -4
8 -4
8 -4
8 -4
9 -4
9 -4
9 -3
9 -3
10 -3
10 -3
10 -3
10 -3
10 -3
10 -3
10 -3
10 -3
10 -4
10 -4
10 -4
10 -5
10 -5
10 -5
10 -6
10 -6
10 -6
10 -6
10 -7
10 -7
10 -7
9 -7
9 -7
9 -7
9 -7
10 -7
10 -7
10 -7
10 -7
10 -7
10 -7
11 -7
11 -7
11 -8
11 -8
11 -8
11 -8
11 -8
11 -9
11 -9
11 -9
11 -9
11 -9
11 -9
11 -9
11 -9
11 -10
11 -10
11 -10
11 -10
11 -10
11 -10
11 -10
11 -11
11 -11
11 -11
11 -11
11 -11
11 -11
11 -11
11 -11
11 -11
11 -12
11 -12
11 -12
11 -12
11 -12
11 -12
11 -12
10 -12
10 -12
10 -12
10 -12
10 -12
10 -12
10 -12
10 -11
10 -11
9 -11
9 -11
9 -11
9 -11
9 -11
9 -11
9 -11
9 -11
9 -11
9 -7
9 -7
9 -7
9 -7
9 -8
9 -8
9 -9
9 -9
9 -10
9 -11
9 -11
9 -12
9 -12
9 -13
9 -13
9 -14
9 -14
9 -15
9 -15
9 -16
9 -16
9 -17
9 -17
9 -17
9 -18
9 -18
9 -18
9 -18
9 -18
12 -6
12 -6
12 -6
12 -6
12 -6
12 -6
13 -6
13 -6
13 -6
14 -6
14 -6
15 -6
15 -6
15 -5
16 -5
16 -5
16 -5
17 -5
17 -5
17 -5
17 -5
17 -5
17 -5
17 -5
17 -5
12 -10
12 -10
12 -10
12 -10
12 -11
12 -11
12 -11
12 -11
13 -12
13 -12
13 -12
13 -12
13 -12
13 -12
12 -9
12 -9
13 -9
13 -9
13 -9
13 -9
13 -9
13 -9
13 -9
14 -9
14 -9
14 -8
14 -8
14 -8
14 -8
14 -9
14 -9
14 -9
14 -9
14 -10
14 -10
14 -10
14 -10
14 -11
14 -11
14 -11
14 -11
14 -11
13 -11
13 -11
13 -11
13 -11
13 -11
14 -11
14 -11
14 -11
14 -11
14 -11
16 -6
16 -7
16 -7
16 -8
16 -8
16 -8
16 -9
16 -9
16 -10
16 -10
16 -11
17 -11
17 -11
17 -12
17 -12
17 -12
17 -13
17 -13
17 -13
17 -13
17 -14
17 -14
17 -14
17 -14
17 -14
17 -14
17 -15
17 -15
17 -15
17 -15
17 -15
17 -15
17 -15
17 -15
17 -16
17 -16
17 -16
17 -16
17 -16
17 -16
17 -16
17 -16
17 -16
17 -16
17 -16
16 -16
16 -16
16 -16
16 -16
16 -16
15 -16
15 -16
15 -16
15 -15
15 -15
15 -15
14 -15
14 -15
