12 -34
12 -35
12 -35
13 -36
13 -36
13 -37
13 -39
13 -40
13 -41
13 -43
14 -44
14 -46
14 -48
14 -49
15 -50
15 -50
15 -51
15 -52
15 -52
13 -34
14 -34
14 -34
15 -34
16 -33
17 -33
18 -32
20 -32
20 -32
21 -31
23 -31
24 -31
24 -31
25 -30
26 -30
26 -30
27 -30
28 -30
28 -29
28 -29
28 -30
28 -32
28 -33
28 -35
28 -37
28 -39
28 -41
28 -43
28 -44
28 -46
28 -48
28 -49
28 -51
28 -51
28 -52
16 -53
17 -53
17 -53
19 -53
20 -53
21 -53
23 -53
24 -52
25 -52
25 -51
32 -19
32 -19
32 -19
33 -18
33 -18
34 -17
35 -17
36 -16
37 -16
38 -15
39 -15
40 -14
40 -14
40 -14
41 -14
41 -13
41 -14
41 -14
41 -15
41 -16
41 -17
41 -19
41 -20
41 -21
41 -23
41 -24
40 -25
40 -26
40 -27
40 -28
40 -28
40 -28
37 -28
38 -28
38 -28
39 -28
40 -28
41 -28
41 -29
42 -29
43 -29
43 -30
44 -30
44 -31
44 -32
44 -32
45 -33
45 -34
45 -35
45 -36
46 -36
46 -36
46 -37
46 -37
46 -38
46 -38
46 -39
46 -40
46 -40
46 -40
46 -41
46 -41
46 -42
46 -43
46 -44
46 -44
46 -44
46 -45
46 -45
46 -46
46 -46
46 -47
46 -47
46 -48
46 -48
45 -48
45 -48
44 -48
44 -48
44 -48
43 -48
43 -48
42 -48
42 -48
41 -48
40 -48
40 -48
40 -47
40 -47
39 -46
39 -46
39 -46
38 -45
38 -45
38 -44
38 -44
37 -44
37 -44
36 -28
36 -28
36 -29
36 -30
36 -32
36 -34
36 -36
36 -39
36 -42
36 -44
36 -46
36 -48
36 -51
36 -53
37 -55
37 -57
37 -59
37 -61
37 -63
37 -64
38 -66
38 -68
38 -69
38 -70
38 -72
38 -72
38 -72
39 -73
39 -73
48 -27
48 -27
48 -27
49 -27
50 -27
51 -27
52 -27
53 -27
55 -27
56 -26
58 -25
60 -24
61 -24
63 -23
64 -23
65 -22
66 -22
68 -22
68 -22
69 -21
70 -21
70 -21
71 -21
71 -21
71 -20
49 -40
49 -41
49 -42
49 -43
49 -44
50 -45
50 -46
51 -47
52 -48
52 -49
52 -49
52 -50
53 -50
53 -49
51 -39
51 -38
52 -38
52 -38
53 -37
54 -37
54 -36
55 -36
55 -36
56 -36
56 -36
56 -35
57 -35
57 -35
58 -35
58 -36
58 -36
58 -37
58 -38
58 -40
58 -41
58 -42
58 -43
58 -44
58 -44
58 -45
57 -45
57 -46
52 -47
53 -47
54 -47
54 -47
55 -46
56 -46
56 -46
57 -46
57 -46
57 -45
64 -27
64 -28
64 -30
65 -32
65 -33
66 -35
66 -36
66 -38
66 -40
67 -42
67 -44
68 -45
68 -47
68 -48
68 -50
68 -51
68 -52
68 -54
68 -55
68 -55
68 -56
69 -56
69 -57
69 -58
69 -58
69 -59
69 -60
69 -60
69 -61
69 -61
69 -62
69 -62
69 -63
69 -63
69 -64
69 -64
69 -64
69 -65
69 -65
69 -66
69 -66
69 -67
68 -67
68 -67
68 -67
67 -67
66 -66
66 -66
65 -66
64 -65
63 -64
62 -64
61 -64
61 -63
60 -63
60 -63
59 -62
59 -62
